C          -2.60805300   0.09543800    -0.53658100 
O          -1.38839000   0.04976200    -1.29534600 
C          -0.50706300   -0.93841500   -0.78470600 
C          -1.24216100   -1.62095100   0.37954000  
C          -2.27757000   -0.57225400   0.80213400  
C          -3.12646000   1.51722400    -0.47307800 
O          -3.48264600   -1.09847800   1.34946500  
O          -2.20633600   2.33141300    0.25939600  
H          -0.24157600   -1.64420000   -1.56959300 
H          -0.55786800   -1.93216200   1.16730400  
H          -1.76711700   -2.50629800   0.01131000  
H          -1.84207200   0.16563300    1.48334400  
H          -3.32133900   -1.37347600   2.25705900  
H          -3.37308100   -0.51397700   -1.03726100 
H          -4.10745800   1.49488100    0.01708400  
H          -3.25000500   1.89554700    -1.49455200 
H          -2.54513200   3.23050300    0.29362900  
N          0.76773800    -0.29497200   -0.37677300 
C          1.89433100    -1.17130700   -0.23698800 
N          3.09149300    -0.60326500   0.08671800  
C          3.18081700    0.69403700    0.30206900  
C          2.06845500    1.58637100    0.19928000  
N          4.40481500    1.17737700    0.66564600  
O          1.71588000    -2.36776800   -0.41454500 
H          2.15864600    2.64737000    0.38538300  
H          4.59312800    2.16398200    0.62050800  
H          5.18430800    0.54260500    0.58623600  
C          0.87502200    1.03772600    -0.15578700 
H          -0.03030000   1.61813600    -0.27571900 
